1,1,7,0,0,1:1121,4:1,1153916278
1,2,30,0,0,1:1128,4:7,1153916278
1,3,24,0,0,1:1158,4:36,1153916278
1,4,7,0,0,1:1182,4:59,1153916278
1,5,3,0,0,1:1189,4:65,1153916278
1,6,13,0,0,1:1192,4:67,1153916278
1,7,9,0,0,1:1205,4:79,1153916278
1,8,21,0,0,1:1214,4:87,1153916278
1,9,62,0,0,1:1235,4:107,1153916278
1,10,12,0,0,1:1297,4:168,1153916278
1,11,10,0,0,1:1309,4:179,1153916278
1,12,19,0,0,1:1319,4:188,1153916278
1,13,30,1,0,1:1366,4:206,1153916280
1,14,14,0,0,1:1367,4:234,1153916278
1,15,6,0,0,1:1381,4:247,1153916279
1,16,2,0,0,1:1387,4:252,1153916279
1,17,4,0,0,1:1389,4:253,1153916279
1,18,12,0,0,1:1393,4:256,1153916279
1,19,5,0,0,1:1405,4:267,1153916279
1,20,10,0,0,1:1410,4:271,1153916279
1,21,5,0,0,1:1420,4:280,1153916279
1,22,7,0,0,1:1425,4:284,1153916279
1,23,17,0,0,1:1432,4:290,1153916279
1,24,2,0,0,1:1449,4:306,1153916279
1,25,4,0,0,1:1451,4:307,1153916279
1,26,14,0,0,1:1455,4:310,1153916279
1,27,10,0,0,1:1469,4:323,1153916279
1,28,44,0,0,1:1479,4:332,1153916279
1,29,22,0,0,1:1523,4:375,1153916279
1,30,9,0,0,1:1545,4:396,1153916279
1,31,34,0,0,1:1554,4:404,1153916279
1,32,2,0,0,1:1588,4:437,1153916279
1,33,67,0,0,1:1590,4:438,1153916279
1,34,27,0,0,1:1657,4:504,1153916279
1,35,3,0,0,1:1684,4:530,1153916279
1,36,5,0,0,1:1687,4:532,1153916279
1,37,12,0,0,1:1692,4:536,1153916279
1,242,304,0,0,1:26960,4:25316,1153917403
1,219,3,0,0,1:10451,4:8837,1153917402
1,239,4,0,0,1:27020,4:25379,1153917403
1,237,7,0,0,1:27033,4:25390,1153917403
1,274,1158,1,0,1:18939,4:23288,1173947204
1,275,743,0,0,1:18938,4:17306,1153917407
1,44,12,0,0,1:1730,4:567,1153916279
1,45,7,0,0,1:1742,4:578,1153916279
1,46,23,0,0,1:1749,4:584,1153916279
1,47,22,0,0,1:1772,4:606,1153916279
1,48,27,0,0,1:1794,4:627,1153916279
1,49,27,0,0,1:1821,4:653,1153916279
1,50,32,0,0,1:1848,4:679,1153916279
1,51,21,0,0,1:1880,4:710,1153916279
1,52,15,0,0,1:1901,4:730,1153916279
1,53,31,1,0,1:1945,4:744,1153916280
1,54,7,0,0,1:1946,4:773,1153916279
1,55,8,0,0,1:1953,4:779,1153916279
1,56,28,0,0,1:1961,4:786,1153916279
1,57,14,0,0,1:1989,4:813,1153916279
1,58,6,0,0,1:2003,4:826,1153916279
1,59,3,0,0,1:2009,4:831,1153916279
1,60,60,0,0,1:2012,4:833,1153916279
1,61,3,0,0,1:2072,4:892,1153916279
1,62,16,0,0,1:2075,4:894,1153916279
1,63,254,0,0,1:2091,4:909,1153916279
1,64,12,0,0,1:2345,4:1162,1153916279
1,65,4,0,0,1:2357,4:1173,1153916279
1,66,14,0,0,1:2361,4:1176,1153916279
1,67,16,0,0,1:2375,4:1189,1153916279
1,68,5,0,0,1:2391,4:1204,1153916279
1,69,5,0,0,1:2396,4:1208,1153916279
1,229,3,0,0,1:31955,4:30317,1153917402
1,264,1105,1,0,1:25636,4:10565,1158754160
1,232,11,0,0,1:31940,4:30305,1153917402
1,224,3611,0,0,1:30919,4:29280,1153917402
1,228,14,0,0,1:31963,4:30325,1153917402
1,215,7,0,0,1:2517,4:1329,1153917402
1,231,12,0,0,1:31947,4:30311,1153917402
1,216,5,0,0,1:2416,4:1259,1153917402
1,214,135,0,0,1:2411,4:1212,1153917402
1,230,6,0,0,1:31952,4:30315,1153917402
1,233,7,0,0,1:31930,4:30297,1153917402
1,254,448,0,0,1:43163,4:41525,1153917404
1,234,15758,0,0,1:31923,4:30286,1153917402
1,253,458,0,0,1:43429,4:41790,1153917404
1,218,6,0,0,1:10457,4:8844,1153917402
1,258,41,0,0,1:37145,4:35512,1153917405
1,261,100,0,0,1:36523,4:34890,1153917405
1,266,1058,0,0,1:25157,4:23527,1153917405
1,241,96,0,0,1:27013,4:25374,1153917403
1,236,3,0,0,1:27036,4:25386,1153917403
1,90,8,0,0,1:2766,4:1557,1153916279
1,91,65,0,0,1:2774,4:1564,1153916279
1,92,25,1,0,1:2854,4:1628,1153916280
1,93,26,0,0,1:2855,4:1643,1153916279
1,94,10,0,0,1:2881,4:1668,1153916279
1,95,5,0,0,1:2891,4:1677,1153916279
1,96,4,0,0,1:2896,4:1681,1153916279
1,97,10,0,0,1:2900,4:1684,1153916279
1,98,29,0,0,1:2910,4:1693,1153916279
1,99,9,0,0,1:2939,4:1721,1153916279
1,100,17,0,0,1:2948,4:1729,1153916279
1,101,14,0,0,1:2965,4:1745,1153916279
1,102,10,0,0,1:2979,4:1758,1153916279
1,103,30,0,0,1:2989,4:1767,1153916279
1,104,15,0,0,1:3019,4:1796,1153916279
1,105,16,0,0,1:3034,4:1810,1153916279
1,106,4,0,0,1:3050,4:1825,1153916279
1,107,5,0,0,1:3054,4:1828,1153916279
1,108,6,0,0,1:3059,4:1832,1153916279
1,109,19,0,0,1:3065,4:1837,1153916280
1,110,9,0,0,1:3084,4:1855,1153916280
1,111,4,0,0,1:3093,4:1863,1153916280
1,112,10,0,0,1:3097,4:1866,1153916280
1,113,25,0,0,1:3107,4:1875,1153916280
1,114,9,0,0,1:3132,4:1899,1153916280
1,115,9,0,0,1:3141,4:1907,1153916280
1,116,25,0,0,1:3150,4:1915,1153916280
1,117,76,0,0,1:3175,4:1939,1153916280
1,118,15,0,0,1:3251,4:2014,1153916280
1,119,115,0,0,1:3266,4:2028,1153916280
1,120,26,0,0,1:3381,4:2142,1153916280
1,121,6,0,0,1:3408,4:2168,1153916280
1,122,15,0,0,1:3414,4:2173,1153916280
1,123,3,0,0,1:3429,4:2187,1153916280
1,124,6,0,0,1:3432,4:2189,1153916280
1,125,13,0,0,1:3438,4:2194,1153916280
1,126,18,0,0,1:3451,4:2206,1153916280
1,127,51,0,0,1:3469,4:2223,1153916280
1,128,16,0,0,1:3520,4:2273,1153916280
1,129,18,0,0,1:3536,4:2288,1153916280
1,130,13,0,0,1:3554,4:2305,1153916280
1,131,24,0,0,1:3567,4:2317,1153916280
1,132,21,0,0,1:3591,4:2340,1153916280
1,133,4,0,0,1:3621,4:2369,1153916280
1,134,21,0,0,1:3625,4:2372,1153916280
1,135,15,0,0,1:3646,4:2392,1153916280
1,136,6,0,0,1:3661,4:2406,1153916280
1,137,50,0,0,1:3667,4:2411,1153916280
1,138,63,0,0,1:3717,4:2460,1153916280
1,139,83,0,0,1:3780,4:2522,1153916280
1,140,19,0,0,1:3863,4:2604,1153916280
1,141,12,0,0,1:3882,4:2622,1153916280
1,142,12,0,0,1:3894,4:2633,1153916280
1,143,15,0,0,1:3906,4:2644,1153916280
1,144,38,0,0,1:3921,4:2658,1153916280
1,145,4,0,0,1:3959,4:2695,1153916280
1,146,8,0,0,1:3964,4:2699,1153916280
1,226,3730,1,0,1:42688,4:30396,1174551016
1,217,5,0,0,1:10461,4:8795,1153917402
1,278,162,1,0,1:54719,4:52831,1154353327
1,247,281,0,0,1:44443,4:42794,1153917404
1,248,5,0,0,1:44288,4:38760,1153917404
1,235,5,0,0,1:27041,4:25392,1153917403
1,225,363,0,0,1:32178,4:30536,1153917402
1,245,185,0,0,1:9931,4:8326,1153917403
1,252,26,0,0,1:43454,4:41814,1153917404
1,243,291,0,0,1:26874,4:25231,1153917403
1,279,3429,0,0,1:54720,4:52991,1153917408
1,255,101,0,0,1:42957,4:41320,1153917404
1,256,295,0,0,1:42856,4:41218,1153917404
1,244,5804,0,0,1:26772,4:25132,1153917403
1,269,1820,0,0,1:22755,4:21132,1153917406
1,268,13292,1,0,1:22818,4:21335,1174559304
1,270,5,0,0,1:21047,4:19424,1153917406
1,273,1810,1,0,1:24922,4:43326,1173947186
1,227,4,0,0,1:31967,4:30328,1153917402
1,223,4,0,0,1:30923,4:29283,1153917402
1,276,4345,1,0,1:18243,4:16624,1173947207
1,272,149,0,0,1:45064,4:43426,1153917407
1,271,19070,0,0,1:21042,4:19420,1153917406
1,260,464,0,0,1:36987,4:35355,1153917405
1,281,20557,1,0,1:32820,4:8242,1174913533
1,265,1427,0,0,1:25635,4:24008,1153917405
1,259,285,1,0,1:36988,4:35504,1161780433
1,267,20023,0,0,1:5576,4:3987,1153917405
1,257,22754,1,0,1:33272,4:41054,1189434806
1,238,8,0,0,1:27026,4:25384,1153917403
1,240,3,0,0,1:27016,4:25372,1153917403
1,249,1071,0,0,1:44283,4:42606,1153917404
1,220,2,0,0,1:10448,4:8839,1153917402
1,221,666,0,0,1:10446,4:8838,1153917402
1,222,25,0,0,1:30932,4:29291,1153917402
1,250,448,0,0,1:43923,4:42281,1153917404
1,251,905,0,0,1:43717,4:42076,1153917404
1,277,25500,1,0,1:54558,4:12748,1173974723
1,263,564,1,0,1:12171,4:10759,1161780433
1,262,71,0,0,1:12404,4:34819,1153917405
